0 0 0 0 0 0 0 0 0 0 0 0 0 0 0 0 0 0 0 0 0 0 0 0 0 0 0 0 0 0 0 0 0 0 0 0 0 0 0 0 0 0 0 0 0 0 0 0 0 0 
0 0 0 0 0 0 0 0 0 0 0 0 0 0 0 0 0 0 0 0 0 0 0 0 0 0 0 0 0 0 0 0 0 0 0 0 0 0 0 0 0 0 0 0 0 0 0 1 0 0  
0 0 1 1 0 0 0 0 0 0 0 0 0 0 0 0 0 0 0 0 0 0 0 0 0 0 0 0 0 0 0 1 1 0 0 0 0 0 0 0 0 0 0 0 0 0 0 1 0 0  
1 1 1 1 1 1 1 1 0 1 1 1 1 1 1 1 1 1 1 0 1 1 1 1 1 1 1 1 1 1 1 1 1 1 1 1 1 1 1 1 1 1 1 1 1 1 1 1 1 1 
===================================================================================================
0 0 u u 0 0 0 0 0 0 0 0 0 0 0 0 0 0 0 0 0 0 0 0 0 0 0 0 0 0 0 u u 0 0 0 0 0 0 0 0 0 0 0 0 0 0 1 0 0  
1 mistake 4 unknown 45 correct

0 0 0 0 0 0 0 0 0 0 0 0 0 0 0 0 0 0 0 0 0 0 0 0 0 0 0 0 0 0 0 0 0 0 0 0 0 0 0 0 0 0 0 0 0 0 0 1 1 1
1 0 1 1 1 1 0 0 1 1 1 1 1 0 1 0 1 0 1 0 1 1 1 0 1 1 1 1 0 0 1 0 0 0 1 0 0 1 1 0 1 1 0 1 0 1 0 0 1 0
1 0 1 1 1 1 0 1 0 1 1 1 1 1 1 1 1 0 1 0 1 1 1 0 1 1 1 1 0 0 1 0 0 0 1 0 0 0 0 0 1 0 1 0 1 1 0 0 1 1
1 1 1 1 1 1 1 1 1 1 1 1 1 1 1 1 1 1 1 1 1 1 1 1 1 1 1 1 1 1 1 1 1 1 1 1 1 1 1 1 1 1 1 1 1 1 1 1 1 1
===================================================================================================
1 0 1 1 1 1 0 u u 1 1 1 1 u 1 u 1 0 1 0 1 1 1 0 1 1 1 1 0 0 1 0 0 0 1 0 0 u u 0 1 u u u u 1 0 u 1 1 
14 mistakes 11 unknown  25 correct
